135171789
135073026
135001952
135250109
134950183
134747519
134876292
134952312
134985847
134875302
134817842
134941437
135110144
134964498
134889306
135164326
134940309
134956784
134736067
134658948
134876661
134996948
134856171
135212603
134907524
134862231
134639268
134707654
135025889
134975449
134873514
134989145
134988082
134835834
135124409
134786466
134953231
135044271
134950123
134704564
135116874
134747153
135021814
134885045
134924678
134829172
134985500
134726932
135090269
135097972
134807434
135196678
134759680
134828701
135021347
134930075
134966122
134927995
134822042
134731918
134922200
134939750
134775606
134714724
134956109
134719550
134771349
134968010
134868083
134876478
135147370
134753731
134896763
134927857
134869494
135261366
134855554
135010936
134874837
134607952
134930334
134874681
134960081
134977284
134963929
135173837
135102296
134615184
134928689
134993809
134961608
134826697
134910181
134944878
135006336
135073756
135031630
134705269
134749140
134823898
0.00355415
0.00318623
0.00292146
0.00384592
0.00272861
0.00197363
0.00245334
0.00273654
0.00286147
0.00244965
0.0022356
0.00269603
0.00332451
0.00278194
0.00250182
0.00352635
0.00269182
0.0027532
0.00193096
0.00164367
0.00245472
0.00290282
0.00237839
0.0037062
0.00256969
0.00240096
0.00157036
0.00182512
0.00301063
0.00282273
0.00244299
0.00287375
0.00286979
0.00230262
0.00337765
0.00211871
0.00273996
0.00307911
0.00272838
0.00181361
0.00334958
0.00197226
0.00299545
0.00248595
0.00263359
0.00227781
0.00286017
0.00189693
0.00325047
0.00327916
0.00219683
0.00364687
0.00201893
0.00227605
0.00299371
0.0026537
0.00278798
0.00264595
0.00225125
0.00191551
0.00262436
0.00268974
0.00207826
0.00185145
0.00275068
0.00186943
0.0020624
0.00279502
0.00242276
0.00245403
0.00346319
0.00199677
0.0025296
0.00264544
0.00242802
0.00388785
0.00237609
0.00295493
0.00244792
0.0014537
0.00265466
0.00244734
0.00276548
0.00282957
0.00277982
0.00356178
0.00329527
0.00148064
0.00264854
0.00289113
0.00277117
0.00226859
0.00257959
0.00270884
0.00293779
0.00318895
0.00303202
0.00181623
0.00197966
0.00225816
